3325490
2404388
2601767
3851834
1680665
2601767
3917627
3588662
2535974
2272802
1614872
1483286
3259697
2207009
3259697
3128111
2535974
3391283
2404388
2470181
3654455
2207009
3522869
3391283
2535974
2207009
2338595
2667560
2141216
2404388
1549079
2799146
1549079
2141216
1680665
3259697
3720248
1812251
3062318
1614872
2404388
2535974
1812251
3720248
2075423
2009630
3851834
1483286
3786041
3391283
3522869
1812251
3193904
1549079
1614872
3588662
3654455
2535974
3391283
2733353
1878044
2075423
1746458
2535974
3588662
2667560
1680665
2272802
1812251
2799146
2733353
1746458
3917627
1549079
2404388
2996525
3851834
3193904
3259697
2667560
3588662
3062318
2601767
2338595
2996525
1549079
3128111
1878044
1812251
3786041
1878044
3128111
1614872
2338595
2864939
2338595
1680665
2141216
2667560
3325490
3720248
1943837
1549079
1746458
2930732
2272802
3786041
3193904
2799146
1614872
3062318
2799146
2141216
2338595
2733353
2075423
1680665
2799146
3128111
1746458
2207009
3522869
1417493
1812251
3128111
3917627
2733353
3325490
2667560
1943837
3654455
3391283
2733353
1943837
2733353
3259697
3654455
1878044
2667560
2667560
3786041
3259697
3259697
2733353
2930732
2338595
2272802
3522869
2404388
2930732
2404388
3917627
2404388
3391283
2338595
2404388
2667560
3720248
2470181
2535974
2338595
3391283
2996525
2009630
3522869
1483286
3391283
1680665
1549079
1614872
3720248
1680665
1483286
2075423
3128111
1549079
3325490
1549079
2667560
1549079
3522869
2207009
3128111
3259697
2799146
2075423
1878044
3391283
3193904
3786041
1812251
3457076
2667560
2470181
1746458
3391283
3720248
2601767
2404388
1549079
2667560
3193904
3522869
2799146
2667560
2601767
3325490
2799146
2338595
2996525
3259697
3654455
3851834
3851834
2141216
2864939
1943837
3654455
1614872
3457076
3917627
3851834
1483286
2930732
3851834
3128111
2667560
1812251
3917627
2207009
3588662
3786041
2141216
3062318
3128111
2996525
2141216
3457076
2404388
3720248
3391283
3588662
3654455
2930732
3193904
2470181
2733353
2864939
3128111
3851834
2470181
1549079
3654455
1614872
2601767
2864939
