5320196
6241298
5780747
6438677
5320196
5451782
5714954
5846540
6504470
5188610
7622951
5320196
5122817
7951916
7622951
4662272
5846540
5385989
5714954
5254403
7886123
7162400
5912333
6570263
5714954
5583368
5649161
5912333
7820330
5780747
5122817
5057024
5978126
7096607
7951916
8083502
7359779
5057024
7162400
5714954
7030814
7096607
8017709
6241298
6372884
6899228
6175505
5122817
7886123
5978126
5846540
7886123
6438677
5057024
5714954
7754537
6570263
5254403
5122817
6175505
7557158
9868950
7096607
7162400
5846540
7820330
7030814
5122817
7425572
7491365
6109712
5846540
7622951
7293986
7096607
7162400
5649161
7754537
7030814
7425572
7162400
6307091
6109712
7293986
7622951
5188610
6965021
6965021
7754537
5385989
6701849
7030814
5122817
5583368
6109712
6636056
5649161
5517575
5188610
7557158
5714954
9868950
6636056
7359779
5451782
8017709
6965021
7491365
6899228
7228193
6372884
6833435
7293986
7622951
5122817
6767642
7096607
6175505
5057024
7886123
8083502
7820330
6965021
7162400
5451782
6701849
7359779
6241298
6833435
6307091
7886123
5912333
7162400
4596480
6899228
6570263
6438677
4728064
6241298
7886123
5780747
8017709
5254403
5188610
5517575
7228193
7491365
6701849
5057024
5057024
6043919
4925440
7359779
6965021
5122817
6438677
5254403
8017709
7622951
7359779
6965021
5583368
6241298
7096607
7557158
7293986
5649161
7162400
6965021
5583368
4859648
7886123
6307091
5978126
6899228
5978126
5320196
7754537
6372884
5385989
6043919
7688744
6175505
6899228
6504470
7359779
7820330
8478260
5451782
5978126
6438677
7622951
8412467
7228193
5846540
7951916
8017709
5714954
6767642
7886123
7886123
6899228
7096607
7359779
9868950
5057024
4991232
6372884
6372884
5912333
9868950
7688744
5057024
5714954
6372884
7293986
6175505
7359779
5846540
7162400
7359779
5057024
6701849
7951916
7293986
8215088
8083502
6438677
7096607
5978126
6899228
6175505
6636056
5188610
5912333
4991232
6767642
7557158
5517575
5320196
5649161
5385989
7557158
7886123
7688744
7951916
6109712
5649161
8083502
7622951
4991232
7359779
6965021
5714954
7162400
5714954
