6710886
5855577
7829367
7171437
7171437
6579300
6381921
5855577
6513507
7697781
6579300
6381921
5460819
7697781
7303023
7171437
5987163
6908265
7697781
5921370
7171437
5460819
6842472
7500402
6513507
5526612
6184542
6316128
7763574
5526612
5658198
6908265
5921370
7829367
6184542
6447714
6447714
6513507
5460819
7566195
5987163
6184542
6316128
7566195
6974058
5723991
6579300
7303023
6513507
5395026
7039851
5789784
5329233
7171437
7434609
6776679
7303023
5592405
6052956
7434609
5329233
6250335
5658198
5855577
5987163
7500402
7631988
6447714
7763574
7171437
6381921
7368816
5329233
5658198
6776679
6908265
7631988
6710886
6579300
7631988
6316128
5592405
5526612
6184542
6513507
7237230
5526612
6118749
7171437
6908265
7566195
5329233
5329233
6250335
5329233
7500402
5723991
7368816
7368816
5395026
6118749
5723991
6776679
6579300
7763574
7434609
5395026
7237230
7303023
5789784
7566195
6579300
7500402
7039851
6908265
7368816
7434609
6513507
7829367
5526612
5526612
6184542
7697781
6447714
7829367
6842472
7303023
6974058
6579300
5723991
6776679
5395026
6250335
6908265
7829367
5395026
7763574
6579300
7039851
5526612
6513507
7829367
6316128
6579300
5855577
6118749
7171437
5987163
7763574
6447714
5987163
7303023
5723991
5723991
5395026
5789784
5460819
5855577
7171437
7105644
5592405
6184542
6776679
5987163
6447714
7631988
6184542
5855577
7237230
6974058
6579300
7039851
5526612
6052956
5395026
7829367
5987163
7500402
5789784
7566195
7171437
6842472
7303023
6184542
7171437
6776679
6579300
7039851
7631988
6974058
5855577
7829367
6184542
6381921
6052956
6579300
6710886
6908265
7566195
5921370
7171437
6447714
6645093
7697781
6842472
6710886
6974058
7368816
6513507
6381921
6118749
5526612
7171437
5395026
6776679
5395026
5395026
7368816
5395026
6184542
6447714
6513507
6118749
6447714
7829367
7763574
7697781
6974058
6184542
5789784
7697781
7566195
7368816
7829367
5987163
7368816
5592405
6381921
6842472
7237230
7763574
6513507
6776679
7500402
6842472
6052956
5789784
5460819
7631988
7763574
7237230
7829367
7237230
5789784
5329233
5658198
