7293986
4596480
7228193
5583368
7359779
6833435
6175505
7951916
8280881
4596480
4925440
8149295
6109712
5780747
4596480
4662272
4859648
8618883
6043919
5057024
5451782
7557158
6570263
5714954
6833435
5978126
7162400
5451782
6504470
7491365
5254403
5583368
5912333
6241298
5912333
6175505
7228193
7886123
8017709
4859648
7162400
6241298
6899228
7951916
7425572
5451782
5451782
5254403
7886123
4991232
5649161
4728064
7622951
7491365
7688744
5846540
8083502
8224125
6767642
7293986
5649161
6636056
8149295
5320196
5846540
5780747
7491365
7359779
5649161
6372884
6965021
8280881
7030814
7622951
6899228
7096607
6241298
6241298
8280881
7491365
6307091
6438677
7886123
7491365
5846540
7886123
5451782
6109712
6043919
6899228
7359779
6899228
5122817
5714954
4925440
6504470
7491365
4925440
4991232
5122817
6767642
8149295
7754537
5583368
8215088
6767642
5254403
5320196
6899228
7096607
6372884
7820330
7951916
6965021
7886123
9803157
5517575
5451782
6965021
6767642
7754537
7754537
6438677
8478260
5846540
8026746
7293986
5912333
7622951
5057024
5780747
7820330
4793856
8215088
4662272
8280881
8083502
5978126
6767642
8149295
7491365
7754537
6241298
8346674
5780747
7688744
6833435
6767642
6833435
4925440
4728064
7951916
7951916
6965021
6701849
7491365
8478260
5122817
5912333
7754537
8017709
6109712
6504470
5649161
6043919
5122817
5583368
5254403
6241298
11316396
5188610
7491365
5978126
5649161
4925440
4925440
5780747
6636056
6175505
6372884
4728064
7293986
7096607
7622951
5320196
6767642
4662272
8478260
8149295
6372884
6043919
8215088
8412467
4925440
6307091
6636056
7688744
8017709
4728064
6307091
7688744
5583368
5912333
7425572
7491365
4793856
4662272
8215088
5714954
10526880
4728064
6899228
7491365
5583368
6504470
8149295
8215088
4859648
7096607
7622951
4859648
5649161
6372884
8017709
7293986
4728064
5122817
8215088
5978126
8346674
7359779
5846540
6438677
4991232
6307091
7886123
6965021
7228193
6372884
5320196
5649161
5385989
4925440
4859648
7293986
5912333
5057024
5320196
6701849
8215088
4728064
6372884
10724259
6504470
7162400
5714954
