5320196
6241298
5780747
6438677
5320196
5451782
5714954
5846540
6504470
5188610
7622951
5320196
5122817
7951916
7622951
4662272
5846540
5385989
9408399
5254403
7886123
7162400
6504470
8478260
6833435
5583368
5649161
5912333
7820330
5780747
5122817
5057024
5978126
7096607
7951916
8083502
7359779
7688744
7162400
5714954
7030814
6899228
8017709
6241298
9934743
6899228
6175505
5122817
7886123
5978126
5846540
7886123
6438677
7820330
5714954
7754537
6570263
5254403
7425572
4991232
6504470
5714954
7688744
6570263
5846540
7820330
7030814
5122817
6175505
6965021
8017709
6899228
5583368
4925440
7688744
4859648
5517575
7359779
5057024
7425572
7162400
6307091
6109712
7425572
6636056
5188610
6372884
6570263
7754537
5385989
6701849
5583368
5254403
5583368
4793856
6636056
5649161
5517575
5188610
7754537
7951916
8017709
6636056
7359779
4859648
8017709
6965021
7491365
5254403
6570263
5912333
6833435
7293986
7622951
5122817
5057024
7096607
6175505
5057024
7886123
10329501
7820330
7162400
7162400
5517575
4662272
6307091
6241298
6833435
6307091
7886123
9474192
7162400
5320196
6899228
6570263
6438677
7425572
6241298
7886123
6965021
8346674
7359779
5188610
5517575
7228193
7491365
8017709
7162400
8478260
6043919
4925440
7359779
6965021
6109712
6438677
5385989
4728064
6570263
7359779
6965021
5583368
5583368
7096607
7557158
6109712
5649161
7162400
6965021
5583368
6109712
4662272
5912333
5912333
6307091
5978126
5320196
7754537
7162400
5385989
6043919
5780747
6438677
6899228
6504470
7359779
7622951
7754537
5583368
8017709
8412467
7622951
8412467
7228193
7491365
7951916
8017709
5714954
7425572
6570263
7820330
6899228
9671571
4596480
5451782
7491365
5122817
6372884
6372884
5912333
4991232
8478260
7688744
5451782
4859648
6833435
7754537
8280881
4662272
7162400
7359779
5057024
5188610
7951916
7293986
8215088
8083502
6438677
9605778
5978126
6899228
6175505
6636056
5188610
5912333
4991232
6767642
5451782
7491365
5320196
5649161
5385989
7688744
7754537
5254403
8280881
6043919
5649161
5583368
6636056
5122817
7030814
7688744
5714954
7162400
5714954
