100000000
100000000
100000000
100000000
100000000
100000000
100000000
100000000
100000000
100000000
100000000
100000000
100000000
100000000
100000000
100000000
100000000
100000000
100000000
100000000
100000000
100000000
100000000
100000000
100000000
100000000
100000000
100000000
100000000
100000000
100000000
100000000
100000000
100000000
100000000
100000000
100000000
100000000
100000000
100000000
13090816
100000000
100000000
100000000
100000000
100000000
100000000
100000000
100000000
100000000
100000000
100000000
100000000
100000000
100000000
100000000
100000000
14275082
100000000
100000000
100000000
100000000
100000000
100000000
100000000
100000000
100000000
100000000
100000000
100000000
100000000
100000000
100000000
100000000
13156608
986900
100000000
100000000
100000000
100000000
100000000
100000000
100000000
100000000
100000000
100000000
100000000
100000000
100000000
100000000
723728
5912333
100000000
100000000
100000000
100000000
100000000
100000000
100000000
100000000
2171169
2171169
100000000
2171169
2171169
100000000
2171169
2171169
6899228
100000000
100000000
100000000
100000000
100000000
100000000
100000000
2171169
3703338
2171169
3505959
3045408
2171169
2848029
2171169
100000000
100000000
100000000
100000000
100000000
100000000
100000000
100000000
100000000
2171169
3769131
2387478
3900717
3374373
2171169
100000000
100000000
100000000
100000000
100000000
100000000
100000000
100000000
100000000
2171169
3242787
2979615
2979615
2848029
3769131
3703338
2171169
100000000
100000000
100000000
100000000
100000000
100000000
100000000
100000000
2171169
3374373
2782236
3176994
2584857
2913822
3703338
2171169
100000000
100000000
100000000
100000000
100000000
100000000
100000000
100000000
100000000
2171169
3703338
2255892
2255892
3834924
2171169
100000000
100000000
100000000
100000000
100000000
100000000
100000000
100000000
100000000
100000000
2171169
2171169
2650650
2519064
2171169
2171169
100000000
100000000
100000000
100000000
100000000
100000000
100000000
100000000
100000000
100000000
100000000
100000000
2171169
2171169
100000000
100000000
100000000
100000000
100000000
100000000
100000000
100000000
100000000
100000000
100000000
100000000
100000000
100000000
100000000
100000000
100000000
100000000
100000000
100000000
100000000
100000000
100000000
100000000
100000000
100000000
100000000
100000000
100000000
100000000
100000000
100000000
100000000
100000000
100000000
100000000
100000000
100000000
100000000
