7763574
7960953
7960953
6447714
6447714
7960953
7763574
7829367
7895160
7763574
7960953
7895160
9803157
9803157
9737364
9803157
7763574
7763574
9737364
9803157
9934743
9934743
9934743
9803157
7895160
7895160
9868950
9868950
9934743
7763574
7960953
7763574
6645093
7960953
7763574
7763574
7763574
10855845
10855845
10855845
10855845
7829367
7960953
7829367
7829367
7895160
7368816
7434609
7960953
9868950
9934743
9868950
9934743
7829367
7829367
7434609
9474192
9342606
9539985
9408399
7895160
7829367
7960953
7960953
7895160
7237230
7303023
7960953
7960953
7368816
7763574
7895160
7763574
7829367
7829367
7434609
7303023
7237230
7895160
7763574
7763574
7829367
7895160
9868950
9803157
9737364
9868950
9868950
9803157
9868950
9868950
9803157
9737364
7829367
7895160
7895160
7237230
7303023
7960953
6513507
6579300
6447714
6447714
6447714
6447714
7960953
7829367
7829367
7829367
7368816
7368816
7763574
7829367
7895160
7763574
7303023
7763574
7829367
7960953
9539985
9342606
9474192
9408399
9474192
7829367
7763574
7960953
7237230
7960953
9803157
9868950
9934743
9934743
9868950
7895160
7960953
7829367
6513507
6645093
7368816
7960953
7763574
7829367
7895160
7763574
7303023
9474192
9342606
9474192
9342606
9342606
7763574
7829367
7763574
7237230
7434609
7960953
7960953
7829367
7829367
7763574
7763574
7763574
7763574
9803157
9803157
9868950
9868950
9803157
7829367
7895160
7895160
7960953
7829367
7895160
7960953
7895160
7895160
7829367
7763574
7895160
7434609
7829367
7960953
7895160
7895160
6579300
6447714
6645093
6447714
6447714
7960953
7829367
9408399
9408399
9408399
9539985
9539985
9408399
9342606
7960953
7960953
7895160
7763574
7895160
7895160
7368816
7368816
7763574
7763574
7895160
7829367
7960953
7763574
7960953
7895160
7895160
7434609
7763574
7829367
7895160
7829367
7960953
7829367
6513507
6645093
7763574
7763574
7763574
7763574
7895160
7960953
9408399
9342606
9474192
9539985
9474192
9474192
7829367
7895160
7960953
7763574
7829367
7960953
9474192
9539985
9539985
9342606
7303023
7303023
7368816
7895160
7960953
7829367
7763574
7829367
